0.14722967322519823
-0.08390133788761409
0.013016479677979573
0.11282454338210766
0.14372947572614345
0.07106219964125769
0.16010762823226277
0.11286141949945006
-0.027021579463221833
-0.06020728298144922
0.045141828823809925
-0.10269530370376198
0.08406808101949344
0.03227060166741582
0.0070155312891658226
-0.1569306747986987
0.07524005867463018
0.1469054693734723
0.17729737008453167
-0.06476896623857203
0.11490777066805861
-0.07506341088058044
0.021364514997722045
-0.04050988637660161
0.04686773039775568
0.002672418869123631
0.11636654689857627
0.04908941890242631
-0.14331437752395393
-0.14436063847656147
-0.062311421137047164
0.16930507338324827
0.0921057237018524
0.04610957120583337
0.1045814531847109
0.07824150104834673
0.056213320376363854
-0.0849856619156978
-0.030488660335555584
0.001214090991208251
0.14847232118370898
0.24900486790778012
-0.13339016339655288
-0.08763931330389
0.11611949105701931
-0.03126009419713176
0.050575954068173536
-0.009323522109080962
0.09757310634669579
-0.12318444281451846
0.005666294561662473
0.015617897377233219
0.04343987310087252
-0.008334220372122872
0.03545655612054751
-0.03664732705102883
-0.05882209309375152
-0.008643402098741447
-0.1499356729545088
-0.049299470613631255
-0.04251922536089799
-0.05463353270636469
0.1166575071851999
0.11100880843860685
0.04422292638601292
0.03796162688123083
0.10098096803006286
-0.020062038133187694
-0.17093939534152183
0.02783410004721333
0.05927043364663497
-0.15566721939615993
0.05729368109861815
0.07568352978084486
0.10142427052535007
-0.09565522349221385
-0.11612960664566138
0.027628228641019218
-0.05218388904154695
-0.007289019986916001
0.020664576154242366
-0.2422395039840923
-0.012208010115665474
-0.11174725098120836
-0.17524583971355537
0.2064227545749393
-0.14331897660713985
-0.054699996623193935
0.14429817657139554
-0.019620123858885768
-0.16761923575442647
-0.1439006418956683
0.07725202304661176
-0.010015738845604473
-0.16972079717056196
-0.0007777621063077161
-0.07253824371763117
-0.03826428659429862
0.2679770947636048
-0.025644468821247036
0.19328300077905494
-0.21220864477769835
-0.10855075735023544
0.01939020408978419
0.1737352772092347
0.021106289957914828
0.1883218252933267
-0.038933625449534694
-0.08486688346672268
0.14946151899033416
0.022947102528927253
-0.004585618543538135
-0.02316401372066635
0.030528945310821405
-0.23526448745979228
0.05215912594752078
0.003936934938782928
0.1050517918876046
0.0771471644152174
-0.03774631145306931
-0.1279468457672924
0.02139183673767507
0.22487160808460568
0.0056260182403719125
0.04907387299983321
0.0516666564282222
0.06974134216188677
-0.05354157253810547
-0.05046314465865456
-0.03893046688134616
-0.00774502581306589
0.04667570239906697
-0.12501679025752088
0.04077786225566566
-0.06833296729567355
0.015947251337527127
0.12160346637561978
-0.018927699124458408
0.08309466725280598
-0.06987836785627582
-0.00862247529317689
0.14822792490090458
0.18606332204468165
-0.01049223794866294
-0.10844799535614211
-0.10164889271451946
0.14493605205183943
0.11870463474865894
0.1502718255115623
-0.10042799299696091
0.08952770599949168
-0.25122947964493797
-0.06737827535214441
0.00028716706932743264
0.010548890750385623
-0.17481157387668084
-0.21440153486163366
-0.06687896803960931
0.17134231742358677
-0.03357602154777789
-0.07204076106206762
0.06948131742146026
-0.1609696600331028
0.058859342967485816
-0.07586853200268641
-0.1351825731340188
-0.021901709047878786
-0.2652114070769856
-0.08452728143889027
0.01212988052175121
0.036057031665154046
-0.05124000316139788
-0.13640768645996396
-0.07568896010342882
0.15856018589889323
-0.0075501707578806785
0.07095487916328883
-0.17882601498130818
0.059060499093076986
0.056623344370103086
-0.14481895513597162
-0.0447492200455629
0.11775447082645377
-0.06877828514081512
-0.11411507217532205
0.14851158707794618
-0.06067536708189223
-0.05723019114193236
-0.018767916683400006
-0.11057693935240522
0.060884062722110055
-0.04229234540515803
0.019864062891967543
0.018514452394883054
0.02957897986578306
0.032204591408652214
0.08917337648823885
0.01637456453952706
-0.051217624979539744
0.09004127074084661
0.018831833987161848
0.01569439017747493
-0.101891119586669
-0.030450185219739388
-0.06578986256126931
-0.024647394996481643
0.014801494937262868
0.0015315863505321152
-0.06152030205731182
0.1710817619271869
-0.10080199489765823
-0.005207283173212502
-0.003798390745237923
0.0328139462888066
-0.10612152575836944
0.005090930047394257
0.00230591748216547
-0.03939920534296373
-0.04180691356939381
-0.15600108041256625
0.11991544432736609
-0.16019512507764191
-0.013697044396400078
0.07025453172974273
0.009445963118121944
0.09676679655156235
0.09893924927993004
-0.091008379748514
-0.019995004394522967
-0.04981724518561706
0.10289832180812873
-0.049120758108033756
0.12471777752622912
0.18007787774627293
-0.04919045251740677
-0.005117278469719048
-0.03178360593399002
-0.021161635250966964
0.01054338493555478
-0.07349694438816483
0.03784897594047146
-0.09920316856595993
0.010670116400554
0.04707493983665002
-0.14815785207089643
-0.05647193475044498
0.05148654556897186
0.17756954286863688
0.1559581595504203
-0.09104323871239134
0.07061375936808861
0.1348034565976621
-0.03412621227341498
-0.04739598044493563
-0.07588555517250078
0.09253720131427826
-0.15901386754937688
0.11622125785447344
0.11567151485981013
-0.0014024588969865966
-0.13460554946190129
0.020539483535776528
0.16679405257969537
-0.07475606611025526
-0.12121379443590859
-0.16162751303412073
0.014833467146527994
-0.050674467451477065
0.030851457150014895
0.05914746047904887
-0.06531345274089839
-0.008122323623837076
-0.06789769988436846
-0.10233696805911859
-0.04340418991664369
-0.10042822568839388
0.06915728648110198
-0.11129234524035388
-0.05727802526444831
-0.13207264262357377
0.051220586508201126
-0.0010573320239570822
-0.10018320099616772
-0.08022650268255736
0.20548000973519426
0.11931232902671896
-0.10452669429261362
-0.10455089009201356
-0.026755165757088802
0.003891566181593818
-0.1458712024949657
0.03806896856766371
-0.050235556624027754
-0.036443116857947135
-0.1853478498673357
0.19758132567360148
-0.02975818923866455
-0.07294933470942867
-0.008757190925156777
-0.2493141784787548
